id,S1-A-01,S1-B-02,S1-B-04,S1-C-04,S1-B-03,S1-C-09,S1-C-10,S1-C-07,S1-C-11,S1-C-14,S2-A-01,S2-A-12,S2-D-13,S2-B-02,S2-B-09,S2-D-01,S2-D-05,S2-D-06,S3-A-01,S3-D-06,S3-D-02,S3-D-04,S3-B-01,S3-A-05,S3-D-08,S3-D-05,S3-B-03,S3-C-02,S5-A-01,S5-B-18,S5-B-01,S5-B-03,S5-A-02,S5-B-17,S5-B-02,S5-B-04,S5-B-13,S5-B-19,S5-B-09,S6-A-20,S6-A-01,S6-A-04,S6-A-23,S6-A-06,S6-A-07,S6-A-12,S6-A-13,S6-A-10,S6-A-11,S6-A-16,S6-A-18,S6-A-22,S9-A-04,S9-A-05,S9-A-21,S9-A-15,S9-A-16,S9-A-09,S9-A-17,S9-A-18,S9-A-19,S10-A-01,S10-A-02,S10-A-03,S10-A-04,S10-A-06,S10-A-10,S10-A-11,S10-A-17,S10-A-07,S10-A-12,S10-A-16,S15-A-02,S15-B-12,S15-B-07,S15-B-09,S15-A-05,S15-B-04,S15-A-03,S15-A-06,S15-B-05,S15-B-08,S15-B-10,S15-B-13,S17-A-01,S17-B-01,S17-B-02,S17-C-02,S17-C-03,S17-C-07,S17-C-09,S17-C-11,S17-C-15,S17-C-16,S18-A-05,S18-A-17,S18-A-10,S18-A-15,S18-A-06,S18-A-08,S18-A-07,S18-A-01,S18-A-09,S18-A-12,S18-A-16,S18-A-19,S18-A-21,S20-A-02,S20-A-03,S20-A-07,S20-A-09,S20-A-10,S20-A-14,S20-A-17,S20-A-11,S20-A-12,S20-A-18,S20-A-21,S20-A-20,S21-A-01,S21-A-02,S21-A-03,S21-A-07,S21-A-09,S21-A-05,S21-A-04,S21-A-06,S21-A-08,S21-A-10,S22-A-01,S22-A-02,S22-A-04,S22-A-09,S22-A-07,S22-A-05,S22-A-03,S22-A-06,S22-A-08,S23-A-01,S23-A-10,S23-A-12,S23-A-03,S23-A-06,S23-A-18,S23-A-16,S23-A-11,S23-A-13,S23-A-07,S23-A-05,S23-A-14,S27-A-11,S27-A-01,S27-A-10,S27-A-02,S27-A-03,S27-A-04,S27-A-06,S27-A-09,S27-A-08,S27-A-05
S1-A-01,0.0,7541.73,7399.57,7179.7,7447.85,7254.4,7515.45,7352.69,7515.05,7360.62,7283.59,7549.14,7015.02,7420.37,7325.21,7420.78,7319.81,7391.45,7301.95,7432.29,7515.13,7223.84,7038.12,7245.38,7338.06,7077.82,7365.7,7164.73,7326.52,7133.09,7231.13,7179.26,7382.63,6944.99,7380.74,7046.52,7328.03,7111.02,7158.01,7496.35,7485.51,7494.66,7558.15,7567.98,7658.22,7156.11,7594.93,7352.69,7289.46,7546.78,7387.35,7433.14,7340.21,7159.14,7358.18,7363.37,7254.23,7450.61,7378.53,7413.93,7401.8,7445.24,7287.99,7484.89,7297.56,7328.94,7691.8,7383.13,7305.53,7290.27,7388.51,7339.86,7312.58,7406.59,7383.32,7187.34,7106.23,7255.06,7274.86,7270.96,7180.7,7324.62,7272.63,7185.7,7636.58,7274.21,7493.4,7164.09,7195.32,7648.46,7458.55,7199.82,7423.24,7398.72,7275.52,7226.4,7284.04,7459.35,7133.51,7123.95,7076.47,7180.7,7318.89,7024.34,7306.72,7092.61,7048.63,7491.4,7438.07,7188.81,7621.18,7265.88,7315.06,7123.04,7427.42,7130.21,7210.18,7376.15,7450.07,7340.68,7300.64,7465.67,7278.95,7359.31,7266.04,7293.63,7269.24,7164.7,7160.63,7035.58,7025.35,7094.22,7180.1,7372.82,7364.81,7143.87,7313.74,7395.76,7395.38,7263.8,7299.73,7207.94,7353.58,7309.84,7484.37,7329.68,7002.05,7046.27,7366.97,7408.43,7356.51,7680.71,7198.27,7463.76,7091.36,7416.0,7355.94,7143.5,7402.73,6979.54
S1-B-02,7541.73,0.0,7254.46,7181.41,7573.88,7243.48,7294.46,7333.51,7589.08,7399.24,7481.6,7471.92,7126.21,7675.41,7366.41,7348.79,7166.75,7176.42,7316.8,7085.48,7192.32,7351.37,7119.49,7226.71,7114.16,7009.97,7297.46,7080.7,7186.61,7242.96,7273.75,7344.34,7120.22,7013.79,7229.47,7292.9,7504.31,7061.12,7022.49,7619.52,7444.08,7379.85,7450.46,7506.02,7477.14,6833.11,7309.78,7442.65,7392.19,7464.8,7432.6,7292.83,7313.53,7238.18,7353.09,7695.48,7240.78,7265.51,7282.89,7092.42,7420.73,7376.22,7324.49,7187.15,7402.49,7163.24,7534.33,7506.43,7191.09,7292.86,7586.38,7313.94,7134.11,7467.35,7375.28,7089.88,7328.98,7347.23,7202.14,7268.11,7169.61,7290.48,7332.15,7321.33,7587.56,7488.54,7386.1,7486.75,7325.67,7341.44,7387.06,7455.07,7609.48,7438.72,7146.77,7189.63,7297.04,7326.0,6801.62,7044.55,7131.94,7078.14,7260.43,7071.82,7385.82,7144.13,7315.43,7384.43,7323.91,7351.28,7524.49,7470.15,7439.4,7008.4,7141.89,7022.32,7342.11,7304.37,7475.34,7319.37,7147.19,7309.39,7139.17,7214.74,7521.4,7402.36,7111.86,6967.48,7300.18,6995.26,7216.79,7306.93,7272.34,7195.16,7395.54,7175.27,7120.65,7313.53,7073.47,7132.39,7370.98,7059.31,7326.69,7162.21,7654.77,7041.91,7292.41,7300.1,7215.56,7229.83,7011.23,8077.06,7282.93,7371.3,7518.54,7216.95,7316.9,7019.58,7345.07,7057.92
S1-B-04,7399.57,7254.46,0.0,7103.1,7367.56,7180.18,7507.6,7149.98,7237.33,7288.8,7139.45,7501.7,6999.54,7327.13,7253.78,7336.58,7223.71,6969.54,7370.92,7184.1,6963.15,6872.94,7067.81,7257.24,7090.21,6824.92,6929.78,7009.83,7007.7,7201.25,7040.04,7361.4,6836.74,7144.61,7315.15,6930.74,7091.71,6994.83,7031.67,7335.16,7410.54,7078.91,7334.55,7292.9,7276.83,7214.62,7385.33,7439.63,7056.53,7322.33,7058.42,7135.15,7260.88,7179.6,7360.36,7577.8,7448.74,7478.83,7320.69,7261.21,7394.83,7211.28,7126.73,6914.26,7315.67,7050.34,7182.33,7266.87,7364.95,7379.06,7322.41,7113.66,7140.85,7173.61,7254.26,7048.42,7090.03,7026.81,7210.63,7138.95,7182.63,7292.01,7262.48,7249.85,7119.89,7355.86,7415.82,7294.37,7098.53,7390.31,7292.67,7165.84,7048.98,7642.76,7003.23,6920.11,7071.41,7218.18,7047.41,6951.26,6978.05,6833.79,7283.3,6874.63,7352.41,7274.59,7206.93,7278.3,7469.05,7274.77,7242.32,7398.39,7298.85,6788.38,7215.83,7004.73,7067.46,7143.53,7146.92,7459.04,7111.53,7168.71,7130.52,6951.85,7170.24,7230.42,7098.17,7122.97,7185.91,6822.18,7251.86,7168.28,7136.94,7035.98,6967.1,6895.02,7202.82,7184.68,7169.16,6916.39,7033.76,7032.54,7316.22,7258.53,7355.29,7209.33,7174.71,7002.65,7371.82,6938.81,7120.01,7895.26,7371.68,7200.41,7224.45,7182.29,7238.95,6961.69,7133.81,6965.05
S1-C-04,7179.7,7181.41,7103.1,0.0,7312.6,6757.81,7338.83,6995.15,7015.02,6992.96,7137.7,7321.89,7103.35,7308.59,7102.51,7322.73,7155.39,7241.47,7072.59,6993.87,6986.98,6826.56,6730.4,7028.55,6890.22,6937.43,7084.76,6946.2,6925.22,6990.21,7044.96,6969.49,7023.29,6800.75,7091.54,6870.02,6994.08,6838.43,6945.54,7425.88,7427.26,7249.99,7482.29,7398.51,7545.29,6903.14,7307.28,7290.97,7283.47,7194.51,7081.67,6909.08,7308.39,6983.23,7177.73,7301.74,7185.3,7401.85,7225.08,7412.25,7130.67,7343.11,7016.29,7102.07,7354.36,7154.17,7301.57,7026.72,7085.82,7307.44,7482.86,7228.81,7023.54,7040.74,7013.69,6910.46,6859.21,7105.6,6986.47,7293.91,6975.14,7072.76,6945.1,7036.23,7462.21,7108.02,7020.62,7192.04,7108.66,7349.19,7075.43,7049.98,7404.07,7644.39,6886.63,6795.19,6899.99,7081.44,6922.28,6890.33,6777.92,7212.57,7123.53,6663.94,7218.22,6974.54,6813.8,7186.68,7361.38,6972.12,7178.26,7376.95,7337.18,7007.61,7064.95,7064.27,7204.84,7035.87,7106.63,7184.54,7008.93,6900.93,7156.63,7322.01,7092.57,7178.33,7146.12,7313.67,7127.93,6726.0,6922.08,6815.08,6952.27,7015.04,7020.28,6965.24,7157.29,6928.37,7169.21,6975.41,7215.07,7093.55,7214.4,7097.81,7091.82,6944.18,7043.19,7020.63,6965.97,7066.19,6964.13,7696.33,7097.98,7438.36,7083.12,7056.69,6961.94,6976.06,7109.57,6743.17
S1-B-03,7447.85,7573.88,7367.56,7312.6,0.0,7087.08,7526.95,7213.09,7587.05,7255.04,7414.42,7443.78,6970.3,7454.55,7448.59,7448.18,7326.73,7525.69,7450.03,7150.56,7404.46,7206.21,7035.52,7373.74,6946.8,7120.93,7193.06,7210.07,7262.52,7254.93,7289.7,7193.52,7240.2,7100.51,7343.02,7175.07,7111.91,7173.06,7250.63,7538.53,7578.17,7367.32,7413.88,7455.42,7500.27,7178.08,7387.47,7528.22,7343.02,7553.81,7372.21,7324.52,7524.66,7186.21,7354.86,7481.4,7411.57,7381.38,7306.67,7098.43,7219.94,7381.72,7161.63,7233.23,7306.74,7329.26,7313.69,7451.67,7314.04,7399.67,7475.29,7272.96,7250.93,7323.13,7508.8,7003.28,6957.94,7378.03,7090.79,7096.62,6967.05,7282.56,7463.02,7293.76,7242.09,7140.84,7394.21,7267.06,7441.09,7660.73,7281.2,7388.34,7246.84,7289.12,7212.77,7378.94,7343.92,7309.72,7315.53,7150.09,6976.78,7190.58,7353.4,7173.42,7178.45,7219.31,7149.58,7335.04,7374.73,7119.78,7170.91,7228.35,7436.59,7074.05,7378.43,7256.22,7295.94,7332.6,7283.82,7364.9,7153.26,7336.58,7331.89,7355.29,7276.49,7296.8,7379.39,7076.94,7191.43,7132.86,7036.33,7148.94,7149.35,7227.75,7409.1,7052.86,7103.3,7394.01,7294.54,7005.95,7601.11,7360.04,7456.98,7226.02,7393.28,7197.28,7278.99,7075.36,7286.17,7266.57,7302.91,7687.6,7170.19,7281.29,7335.36,7335.9,7262.14,7353.11,7347.13,7103.31
S1-C-09,7254.4,7243.48,7180.18,6757.81,7087.08,0.0,7109.11,6986.94,7398.93,7385.34,7472.5,7589.67,7118.44,7399.52,7209.76,7503.79,7022.53,7098.43,7439.03,7347.99,7285.91,7005.33,6809.49,7290.1,6980.08,7065.18,7180.71,7092.5,7208.57,6968.48,7081.5,7191.73,7016.76,6950.64,7272.66,7045.84,7199.67,7078.44,7152.75,7383.79,7306.95,7490.59,7371.29,7296.79,7277.72,7123.49,7493.02,7415.32,7027.13,7150.15,7260.71,7182.05,7406.42,7304.45,7262.1,7468.79,7387.75,7227.74,7258.47,7088.16,7349.7,7352.82,7428.97,7221.73,7359.48,7172.22,7161.46,7299.57,7212.56,7318.82,7454.89,7095.92,7304.35,7299.71,7445.95,6837.79,7068.2,7137.92,7256.76,7128.05,6917.37,7128.4,7097.92,7147.57,7368.63,7388.53,7405.59,7190.06,7458.52,7302.41,7449.51,7173.48,7079.58,7446.05,7386.93,6956.7,7202.57,7372.68,7301.66,7081.34,6907.1,7018.62,7394.04,6828.3,7066.0,7086.28,6908.64,7504.18,7329.26,7300.32,7245.77,7300.66,7482.22,7145.5,7152.88,7222.41,7256.71,7134.7,7412.28,7381.15,7317.23,7196.46,7289.13,7140.82,7405.59,7085.53,7253.28,7371.46,6969.05,6587.51,7129.58,6850.89,7274.16,7017.88,7098.83,7268.33,7051.22,7149.79,7362.85,7115.99,7324.38,7220.89,7263.01,7101.15,7434.16,7182.05,7056.08,6961.98,7193.32,7209.31,7117.95,7493.07,6952.42,7280.82,7205.14,7278.79,6995.65,7094.77,7117.93,7071.9
S1-C-10,7515.45,7294.46,7507.6,7338.83,7526.95,7109.11,0.0,7307.07,7712.51,7389.7,7362.21,7325.68,7206.97,7591.21,7273.4,7416.23,7265.91,7174.74,7338.44,7368.15,7270.58,7219.18,7089.41,7211.6,7169.27,7236.24,7090.18,7233.47,7322.63,7260.5,7403.02,7246.06,7098.01,7217.68,7392.09,7216.11,7439.48,7233.93,7286.8,7615.64,7713.32,7368.58,7713.65,7480.23,7645.27,7066.47,7505.48,7413.06,7506.48,7568.4,7338.45,7339.2,7476.52,7332.66,7253.99,7374.63,7292.9,7169.33,7273.39,7371.48,7252.51,7330.49,7379.93,7454.77,7478.59,7595.39,7568.06,7613.51,7561.84,7318.11,7651.06,7033.29,7280.95,7376.99,7227.69,7284.01,7162.29,7398.63,7448.38,7218.88,7270.5,7440.0,7372.61,7433.03,7306.17,7460.64,7457.2,7559.31,7419.37,7751.49,7431.67,7424.35,7495.76,7652.8,7329.88,7401.72,7239.84,7426.31,7492.81,7387.81,7326.33,7586.11,7404.09,7099.72,7583.86,7212.94,7297.51,7564.96,7457.43,7227.75,7491.08,7454.43,7658.56,7126.43,7311.7,7305.57,7267.25,7400.56,7532.41,7286.59,7286.41,7124.21,7479.43,7422.48,7165.24,7372.23,7421.12,7160.74,7400.64,7112.9,7324.89,7300.94,7383.15,7253.27,7407.8,7378.78,7181.42,7463.24,7460.54,7116.41,7576.66,7268.26,7241.33,7030.7,7623.54,7314.1,7329.79,6954.38,7347.56,7267.79,7192.44,7850.41,7403.27,7552.81,7472.63,7263.5,7209.13,7191.0,7407.98,7265.29
S1-C-07,7352.69,7333.51,7149.98,6995.15,7213.09,6986.94,7307.07,0.0,7305.21,7194.26,7388.62,7458.95,7156.26,7569.69,7257.94,7301.8,7225.49,6889.23,7465.64,7112.22,7258.55,7068.26,7016.59,7271.55,6862.26,6989.03,7103.01,7156.44,7091.03,7040.48,7235.67,6965.38,7208.77,7139.18,7212.29,7090.79,7272.29,6969.87,7332.17,7532.86,7445.16,7170.6,7265.29,7258.98,7319.21,7028.04,7615.06,7546.06,7520.69,7319.1,7303.7,7100.21,7362.21,7143.13,7092.57,7326.88,6935.18,7313.56,7108.26,7208.71,7420.84,7300.93,7088.25,7299.4,7344.45,7326.46,7333.98,7324.29,7282.4,7360.92,7385.43,7281.8,7207.7,7237.32,7335.89,6939.84,6932.74,7054.1,6954.73,7204.82,6989.47,7267.52,7303.81,7185.16,7415.71,7243.13,7334.37,7442.33,7276.56,7341.41,7315.83,7252.36,7364.53,7428.65,7305.28,7409.96,7165.3,7296.87,7195.16,7019.28,7223.17,7122.47,7252.88,7142.07,7145.94,7081.42,7039.2,7272.51,7405.32,7009.71,7449.43,7434.94,7245.83,7065.81,7361.43,7220.8,7044.44,7369.1,7168.55,7656.99,7131.63,7412.78,7399.0,7180.84,7312.07,7087.75,7039.73,7288.96,6947.57,6822.59,7077.97,7253.34,7078.01,7200.07,7254.64,7000.0,7109.63,7173.31,7399.1,7149.6,7627.71,7262.71,7258.1,7072.99,7236.88,7143.03,7225.43,7110.22,7185.78,7392.23,7117.16,7697.7,7344.68,7484.07,7353.05,7416.47,7132.02,7316.91,7090.71,7086.32
S1-C-11,7515.05,7589.08,7237.33,7015.02,7587.05,7398.93,7712.51,7305.21,0.0,7208.31,7132.72,7475.72,7227.32,7558.05,7517.99,7171.98,7013.97,7300.51,7395.97,7385.83,7120.45,7004.82,7324.17,7115.33,7160.11,7006.77,7292.47,7163.02,7063.37,7168.45,7093.06,7356.5,7146.57,7074.18,7148.37,7163.6,7397.46,7092.12,7261.61,7549.77,7410.39,7544.46,7233.6,7443.12,7488.29,7165.01,7458.64,7266.34,7401.2,7231.92,7190.13,7093.91,7379.79,7282.42,7328.78,7461.75,7242.37,7417.98,7309.82,7216.54,7208.55,7347.46,7490.63,7217.28,7218.2,7254.46,7481.85,7527.95,7427.12,7587.52,7181.73,7343.34,7309.91,7354.17,7562.27,6950.83,7058.45,7295.19,7417.52,7278.7,7295.81,7331.47,7585.34,7135.62,7468.93,7445.77,7313.32,7574.54,7347.58,7401.77,7318.33,7261.36,7201.51,7343.29,7215.06,7339.79,7054.79,7316.47,7312.7,7143.04,7009.44,7348.42,7056.7,7194.33,7193.28,7205.97,7190.44,7432.53,7442.45,7328.44,7460.32,7237.81,7406.79,7198.97,7293.83,7165.42,7339.53,7246.56,7150.81,7440.88,7239.97,7260.3,7345.99,7376.39,7440.07,7702.3,7364.16,7383.65,7103.56,6784.06,7199.61,7189.99,7278.63,7159.4,7368.29,7361.41,7034.06,7137.67,7449.27,7089.96,7712.4,7175.22,7338.77,7245.65,7312.88,7181.71,7214.14,7245.22,7025.29,7493.17,7011.31,7698.55,7336.6,7563.32,7353.64,7279.62,7409.79,7166.45,7390.55,7024.57
S1-C-14,7360.62,7399.24,7288.8,6992.96,7255.04,7385.34,7389.7,7194.26,7208.31,0.0,7393.82,7614.73,7007.29,7588.3,7444.45,7358.65,7119.95,7361.76,7182.52,7186.1,7194.15,7113.33,7189.41,7342.54,7068.98,6956.44,7129.91,7280.98,7090.59,6897.45,7322.0,7145.19,7358.7,7100.63,7334.76,6924.28,7184.43,7190.52,7257.63,7614.96,7456.6,7424.97,7392.34,7388.91,7373.94,7206.51,7435.73,7232.0,7104.57,7604.0,7306.93,7209.02,7525.3,7191.52,7358.01,7584.77,7219.95,7368.32,7353.71,7331.2,7326.6,7254.23,7467.86,7374.06,7502.52,7218.38,7227.42,7356.96,7441.09,7232.32,7453.21,7343.4,7134.88,7243.19,7345.31,7112.3,7397.47,7276.67,7127.8,7233.68,7194.62,7220.58,7434.13,7091.76,7281.52,7305.15,7273.09,7366.68,7448.3,7309.21,7432.44,7484.76,7111.37,7421.85,6983.55,7158.33,7292.23,7427.43,7156.02,6994.79,7059.02,7073.98,7328.42,6929.52,7327.73,7417.93,7249.0,7341.26,7228.85,7138.33,7674.15,7434.85,7603.93,7117.32,7457.15,7072.53,7135.08,7264.48,7502.84,7356.42,7119.93,7013.17,7423.31,7462.77,7360.47,7499.61,7038.84,7197.85,7310.89,7019.61,7433.4,7301.16,7358.3,7252.49,7234.36,7272.29,7241.01,7278.98,7213.64,7059.08,7146.94,7148.78,7339.71,7271.89,7482.98,7172.82,7156.77,7086.44,7076.67,7090.76,7285.6,7899.54,7180.37,7493.47,7411.49,7210.67,7248.27,7133.35,7403.86,6983.02
S2-A-01,7283.59,7481.6,7139.45,7137.7,7414.42,7472.5,7362.21,7388.62,7132.72,7393.82,0.0,7491.98,7153.67,7437.24,7180.39,7527.25,7327.11,7217.45,7381.92,7409.82,6998.93,6967.9,7062.68,6799.89,6907.88,6976.96,7192.85,7136.77,7057.9,7107.42,7309.43,7122.79,7016.54,7163.41,7090.64,6838.25,7085.89,6966.38,7075.09,7648.36,7617.6,7634.3,7629.28,7509.46,7570.74,6954.13,7417.46,7396.21,7452.51,7364.2,7240.17,7148.72,7456.9,7084.58,7548.42,7309.16,7110.54,7251.81,7223.38,7172.91,7228.2,7296.61,7046.03,7264.48,7093.58,7214.65,7586.32,7339.61,7501.59,7256.62,7430.92,7330.69,6990.68,7189.87,7352.09,7060.59,7022.14,7054.8,7147.48,7084.46,7135.84,7228.52,7155.49,7175.14,7593.99,7470.68,7390.82,7382.88,7178.42,7339.85,7178.86,7164.05,7440.19,7295.08,7076.79,7163.98,7232.95,7343.54,7103.92,7374.24,7154.54,7314.07,7433.34,6896.08,7384.4,7203.29,7144.03,7349.91,7618.09,7064.26,7316.71,7340.63,7406.18,7029.53,7301.4,6976.65,7230.95,7161.6,7349.07,7222.36,7267.01,7089.69,7195.42,7132.39,7132.22,7373.79,7154.86,7244.72,7184.7,6919.08,7075.74,7062.91,7353.15,7184.79,7213.13,7055.1,6971.71,7261.74,7349.77,7070.71,7267.07,7304.21,7302.43,7345.38,7198.51,7092.31,6946.95,7076.63,7350.5,7409.56,7117.68,7540.8,7257.68,7431.32,7133.39,7102.91,7436.04,7239.12,7423.58,7331.5
S2-A-12,7549.14,7471.92,7501.7,7321.89,7443.78,7589.67,7325.68,7458.95,7475.72,7614.73,7491.98,0.0,7351.92,7556.81,7254.82,7553.14,7337.27,7470.24,7464.75,7264.0,7216.04,7468.59,7394.23,7437.01,7311.07,7313.62,7251.79,7141.54,7135.41,7663.26,7262.81,7482.41,7245.78,7193.74,7631.82,7442.98,7416.55,7493.11,7659.73,7788.4,7483.26,7534.65,7856.4,7498.85,7808.43,7197.89,7405.84,7658.66,7700.35,7458.07,7519.39,7495.35,7446.72,7162.15,7425.76,7539.76,7485.87,7438.22,7254.41,7534.0,7411.01,7681.76,7362.75,7282.29,7569.88,7479.56,7466.38,7691.31,7724.82,7460.46,7657.5,7398.21,7473.66,7602.85,7585.69,7206.95,7368.0,7409.58,7474.9,7448.75,7511.97,7618.89,7695.02,7758.4,7826.99,7735.65,7613.45,7890.64,7568.64,7834.58,7622.82,7713.72,7517.46,7648.08,7346.86,7436.01,7392.31,7447.97,7348.91,7323.72,7386.76,7096.08,7221.61,7327.61,7350.84,7672.93,7340.21,7712.2,7536.36,7524.26,7649.84,7420.22,7582.79,7254.42,7538.46,7308.73,7582.31,7511.69,7363.61,7717.13,7574.22,7574.79,7516.74,7640.51,7768.91,7610.81,7446.28,7253.32,7346.77,7111.87,7327.03,7478.51,7508.69,7402.78,7383.25,7361.71,7455.99,7158.34,7369.31,7295.15,7594.91,7391.25,7717.91,7386.47,7503.98,7477.76,7306.41,7178.16,7487.09,7657.67,7365.2,7886.93,7448.5,7660.53,7724.1,7259.83,7351.28,7175.85,7313.29,7452.12
S2-D-13,7015.02,7126.21,6999.54,7103.35,6970.3,7118.44,7206.97,7156.26,7227.32,7007.29,7153.67,7351.92,0.0,7263.52,7100.26,7557.11,6971.38,7056.27,7114.93,7101.11,7261.41,6924.8,6835.15,7190.15,6988.62,6861.75,7105.75,6949.45,7063.91,7080.45,7153.53,7144.7,7190.84,6892.04,7171.93,6825.35,7200.98,7020.48,7142.4,7543.46,7161.51,7266.32,7132.43,7252.88,7287.6,6847.29,7139.42,7234.18,7406.94,7338.91,7130.91,7122.53,7197.78,7222.83,7228.12,7431.14,7304.17,7455.45,6933.99,7427.65,7355.67,7091.2,7121.38,7035.33,7242.41,6975.86,7110.85,7453.88,6988.3,7398.39,7391.33,7490.92,7294.22,7191.52,7141.86,7035.76,6870.3,6828.26,7078.23,7206.42,7179.06,7083.99,7203.47,6978.89,7108.88,7147.46,7033.52,7398.21,7147.41,7255.86,7191.67,7081.25,7294.35,7358.72,7091.9,7211.93,7111.98,7041.7,7217.34,6984.63,6751.45,7035.69,6930.14,6898.73,7144.17,7076.45,7308.09,7313.3,7225.9,7028.84,7098.06,7190.34,7201.9,7020.66,7146.54,7052.07,7151.41,7122.86,7145.9,7342.41,7182.68,6846.06,7100.94,7332.98,7167.06,7431.45,7061.3,6901.21,7144.08,6657.13,7071.85,7174.22,7051.59,7094.64,7260.94,7173.57,7107.65,7249.08,7143.76,6760.76,7306.13,6887.95,7247.34,6915.97,7357.25,6822.31,7187.18,6926.68,6892.71,7060.32,7340.11,7718.13,7375.82,7223.95,7094.65,6892.71,7126.51,6899.97,7396.94,6919.0
S2-B-02,7420.37,7675.41,7327.13,7308.59,7454.55,7399.52,7591.21,7569.69,7558.05,7588.3,7437.24,7556.81,7263.52,0.0,7430.27,7734.85,7282.2,7310.03,7526.17,7432.78,7231.76,7476.14,7355.45,7631.15,7467.83,7337.17,7269.19,7140.92,7364.69,7298.52,7318.34,7254.17,7564.45,7252.55,7470.81,7422.95,7487.28,7340.69,7425.64,7697.92,7666.85,7543.13,7517.07,7445.74,7892.96,7301.1,7420.44,7815.29,7563.02,7578.29,7419.02,7323.25,7512.18,7400.15,7341.56,7668.81,7469.67,7440.35,7646.58,7585.72,7583.69,7561.76,7332.73,7339.64,7711.04,7346.93,7510.57,7634.03,7487.68,7565.37,7747.14,7623.0,7345.5,7654.62,7754.46,7251.8,7387.03,7242.87,7397.82,7597.59,7446.87,7607.51,7474.61,7366.21,7671.79,7388.15,7424.72,7664.06,7371.19,7643.03,7502.02,7478.51,7463.0,7690.28,7328.84,7219.19,7346.26,7420.0,7444.39,7423.7,7176.32,7225.16,7429.75,7141.84,7488.44,7483.22,7340.79,7776.75,7730.04,7581.22,7515.95,7599.72,7433.83,7244.71,7565.48,7345.12,7500.68,7560.3,7542.51,7532.0,7289.6,7236.22,7513.29,7693.97,7388.43,7673.73,7261.4,7238.95,7148.79,7305.24,7215.78,7385.35,7399.63,7467.55,7461.34,7318.26,7394.13,7165.56,7580.04,7257.41,7671.65,7262.39,7543.93,7400.66,7708.36,7360.37,7294.5,7243.13,7605.03,7766.21,7305.04,7849.14,7412.02,7604.93,7556.22,7458.61,7417.58,7411.19,7566.15,7362.8
S2-B-09,7325.21,7366.41,7253.78,7102.51,7448.59,7209.76,7273.4,7257.94,7517.99,7444.45,7180.39,7254.82,7100.26,7430.27,0.0,7483.57,7330.13,7192.29,7105.9,7053.91,7288.92,7140.09,7074.22,7078.85,7147.49,7267.75,7079.86,7153.75,7245.09,7119.03,7192.79,7074.69,7111.6,7055.11,7642.58,6963.86,7252.55,7160.34,7167.13,7614.9,7601.12,7398.41,7628.73,7139.4,7437.63,7153.22,7403.76,7258.77,7384.65,7390.55,7574.62,7376.2,7288.97,7305.56,7251.87,7501.79,7046.64,7523.52,7241.52,7338.47,7428.24,7460.53,7262.98,7365.04,7361.76,7331.09,7369.3,7570.25,7257.64,7221.08,7701.73,7350.56,7095.56,7108.57,7173.11,6988.99,7354.65,7135.65,7206.98,7213.55,7047.89,7245.47,7498.53,7340.62,7348.42,7444.61,7604.83,7357.97,7192.58,7375.3,7407.7,7339.85,7338.92,7470.87,7088.05,7096.24,7306.54,7421.9,7203.51,7384.64,7119.44,7042.72,7018.92,7248.48,7142.09,7002.1,7307.07,7463.9,7454.36,7208.83,7460.77,7275.83,7490.63,7147.78,7294.07,6882.77,7413.7,7339.53,7273.91,7458.75,7204.38,7407.97,7294.56,7189.15,7181.73,7190.35,7072.11,7321.95,7088.59,7017.99,7134.19,7159.99,7389.49,7329.18,7245.97,7264.88,7334.41,7245.15,7390.32,6971.65,7351.77,7262.07,7232.84,7231.54,7505.36,7116.57,7022.64,7064.13,7494.45,7297.55,7162.21,7492.65,7396.47,7557.81,7317.99,7334.05,7261.84,6880.6,7480.37,7202.64
S2-D-01,7420.78,7348.79,7336.58,7322.73,7448.18,7503.79,7416.23,7301.8,7171.98,7358.65,7527.25,7553.14,7557.11,7734.85,7483.57,0.0,7265.08,7204.2,7660.87,7194.11,7276.81,7209.79,7241.96,7232.69,7212.52,7075.03,7429.35,7258.24,7250.56,7220.42,7452.68,7367.63,7241.46,7153.48,7357.39,7147.0,7368.77,7292.73,7316.05,7531.46,7590.68,7355.54,7686.44,7683.86,7470.76,7380.53,7515.51,7603.37,7324.89,7389.55,7352.56,7365.48,7248.16,7388.18,7352.14,7459.62,7199.06,7308.86,7344.81,7494.65,7118.95,7478.29,7442.42,7247.65,7512.72,7580.75,7504.56,7274.71,7340.34,7464.07,7380.74,7300.9,7473.41,7373.84,7341.77,7023.04,7310.69,7321.87,7239.92,7190.12,7254.97,7245.32,7430.07,7511.09,7295.49,7280.37,7631.44,7477.76,7309.75,7504.16,7495.65,7403.64,7359.37,7463.84,7311.41,7177.99,7013.9,7504.7,7220.99,7216.88,7187.95,7341.12,7261.79,7293.01,7181.89,7225.02,7179.9,7428.49,7475.54,7264.11,7566.54,7155.97,7544.42,7108.69,7388.08,7298.27,7459.67,7387.81,7288.27,7544.3,7010.58,7143.81,7384.22,7507.07,7249.24,7382.93,7377.55,7362.16,7311.3,7012.07,7202.3,7337.35,7355.23,7179.38,7239.79,7346.55,7297.75,7374.9,7271.41,7285.51,7219.4,7233.31,7504.28,7201.23,7503.31,7383.51,7244.26,7176.47,7168.15,7414.05,7315.22,7836.54,7321.79,7412.66,7540.53,7239.99,7430.0,7361.29,7263.5,7097.46
S2-D-05,7319.81,7166.75,7223.71,7155.39,7326.73,7022.53,7265.91,7225.49,7013.97,7119.95,7327.11,7337.27,6971.38,7282.2,7330.13,7265.08,0.0,7123.26,7022.44,7069.17,7167.44,7095.03,6843.3,7178.6,6829.4,6761.2,6991.08,6903.95,6865.19,6876.28,7031.64,6812.56,7162.72,6909.87,6943.95,7039.34,7119.78,7152.66,7118.23,7387.65,7383.51,7403.62,7054.02,7087.5,7225.03,6874.35,6963.17,7261.46,7220.46,7258.81,6927.6,6917.76,7133.65,6991.44,7032.36,7289.97,7258.69,7124.88,6973.96,7103.55,7182.49,7147.86,7209.01,7090.77,7191.73,7062.45,7355.74,7238.31,7154.52,7401.58,7237.87,7343.97,6814.74,7421.35,7339.45,7024.76,6940.45,7127.11,7291.48,7135.38,7117.26,7079.65,7070.89,6978.64,7195.74,7152.79,7352.59,7336.7,7211.18,7327.11,7224.9,7088.05,7256.99,7118.02,7060.13,7027.62,6842.81,7303.7,7170.08,6907.25,6826.19,6921.99,7025.69,7129.55,7106.43,7058.61,7120.38,7177.56,7211.48,7182.35,7285.71,6843.38,7368.42,6949.79,7335.66,6804.1,7170.83,6973.28,6964.96,7232.63,6900.79,6883.87,7346.73,7122.43,7176.98,7094.07,6993.41,7077.87,6943.02,6893.58,7034.16,6851.95,7067.52,7023.01,7042.2,7001.53,7014.84,6863.68,7147.05,6922.44,7463.63,6898.61,7163.77,7172.18,7416.56,6976.34,7205.52,6631.75,7075.58,7002.86,6953.56,7480.24,7146.3,7135.63,7097.74,6956.61,7223.74,7017.84,7022.44,6876.89
S2-D-06,7391.45,7176.42,6969.54,7241.47,7525.69,7098.43,7174.74,6889.23,7300.51,7361.76,7217.45,7470.24,7056.27,7310.03,7192.29,7204.2,7123.26,0.0,7082.67,7427.87,7175.13,7080.95,6986.36,7322.29,6853.64,7032.37,7208.2,7052.04,6958.52,6979.94,7158.09,7063.78,7141.15,7178.01,7364.11,7185.55,7245.34,7106.47,7198.5,7524.67,7380.73,7225.43,7520.83,7179.73,7292.99,7129.74,7328.64,7183.29,7317.82,7474.47,7180.27,7197.33,7102.78,7009.91,7007.13,7431.92,7168.55,7323.43,7240.89,7046.46,7229.09,7355.45,7275.18,7276.16,7471.89,7277.16,7450.73,7246.24,7133.44,7290.07,7311.39,7472.93,7022.91,7106.06,7333.7,7081.45,6937.29,6963.49,7193.12,7060.16,7268.23,7278.49,7438.5,7061.94,7335.67,7131.0,7353.3,7535.64,7287.33,7433.38,7063.28,7484.25,7284.26,7396.33,7030.52,7191.95,7171.06,7267.08,7208.98,6989.46,7179.47,7222.2,7108.91,6939.86,7230.41,7135.75,7084.99,7416.16,7237.8,6942.99,7641.48,7351.34,7233.44,7069.24,7059.89,7217.98,7131.52,7134.14,7414.34,7239.91,7167.46,7309.57,7362.98,7213.28,7059.49,7181.16,7104.28,7016.79,7079.03,7018.49,6823.34,7449.45,7303.9,7212.78,7064.99,7073.26,6920.69,7007.9,7198.19,6978.64,7557.68,7394.01,7247.98,7029.98,7278.63,7174.94,7146.93,6911.24,7128.01,7504.1,7028.79,7789.72,7266.58,7228.98,6997.21,7189.58,7006.58,7152.66,6940.34,7015.83
S3-A-01,7301.95,7316.8,7370.92,7072.59,7450.03,7439.03,7338.44,7465.64,7395.97,7182.52,7381.92,7464.75,7114.93,7526.17,7105.9,7660.87,7022.44,7082.67,0.0,7105.43,7337.82,7074.91,6944.59,7329.9,7133.51,7057.13,7029.89,7062.38,7247.49,7145.93,7362.2,6997.38,7095.18,7011.14,7400.43,6886.71,7430.4,7326.63,7362.89,7711.52,7389.62,7524.21,7529.78,7274.38,7524.62,7162.26,7388.81,7644.07,7406.94,7495.46,7194.05,7401.91,7445.05,7321.06,7085.73,7473.25,7426.84,7695.28,7176.17,7464.29,7717.68,7550.36,7439.74,7232.84,7426.82,7385.32,7550.74,7531.43,7382.15,7354.46,7497.02,7533.41,7079.59,7401.32,7246.74,7035.5,7127.48,7155.97,7275.02,7359.3,7279.83,7457.13,7395.6,7045.8,7252.15,7585.57,7445.99,7429.15,7357.63,7422.81,7550.5,7230.34,7433.62,7376.59,7156.14,7297.1,7092.76,7356.89,7218.92,6996.1,6961.34,7361.87,7166.37,7203.7,7156.69,7112.98,7278.64,7339.55,7244.06,7426.18,7483.94,7370.43,7254.22,7227.86,7296.14,7088.25,7441.23,7578.87,7338.82,7332.95,6945.98,7206.06,7215.02,7241.74,7272.03,7432.85,7189.96,7193.33,7012.94,7015.78,7141.23,7164.34,7325.95,7469.97,6921.48,7328.6,7165.1,7349.52,7361.77,7142.42,7354.17,7196.83,7200.55,7506.84,7380.11,7140.6,7107.25,7068.43,7159.77,7610.93,7212.18,7867.87,7275.52,7429.45,7435.9,7352.74,7151.03,7149.62,7265.16,6855.12
S3-D-06,7432.29,7085.48,7184.1,6993.87,7150.56,7347.99,7368.15,7112.22,7385.83,7186.1,7409.82,7264.0,7101.11,7432.78,7053.91,7194.11,7069.17,7427.87,7105.43,0.0,7076.17,7037.43,7179.91,7247.67,7009.96,7114.09,7167.37,7045.47,7041.62,7009.13,7023.21,7086.77,7244.43,7169.85,7177.63,6951.82,7216.25,7142.04,7159.39,7500.54,7421.72,7276.39,7117.32,7184.01,7287.6,7100.84,7180.27,7491.64,7267.95,7349.67,7188.45,7109.78,7190.27,7202.31,7122.76,7430.03,7264.93,7278.62,6981.54,7238.64,7328.36,7362.85,7325.52,7275.42,7191.12,7260.85,7193.99,7499.01,7282.35,7311.9,7344.17,7245.07,7136.59,7185.63,7245.29,6975.25,7031.81,7102.64,7168.83,7346.4,7145.9,7086.22,7365.06,7169.31,7204.11,7223.04,7429.86,7345.6,7201.7,7603.22,7473.59,7097.95,7236.45,7119.85,6950.16,6882.21,7158.19,7456.5,7166.18,7278.28,6899.64,7252.42,7235.88,7098.06,7195.39,7086.96,7178.28,7633.23,7437.98,7160.04,6935.92,7487.06,7374.82,6966.8,7220.0,7059.79,7262.54,7292.03,7138.43,7498.99,6959.39,7174.53,7351.38,7383.51,7149.83,7311.99,7222.7,7074.94,6965.99,6863.42,7317.14,7169.86,7083.83,7099.94,7234.39,7024.1,7150.52,6966.01,7189.37,6981.43,7145.49,6983.31,7167.6,7275.33,7178.67,7252.02,7284.52,6924.96,7182.06,7277.62,6923.3,7497.34,7297.13,7445.56,7413.59,7228.36,7155.51,6894.96,7149.14,6980.39
S3-D-02,7515.13,7192.32,6963.15,6986.98,7404.46,7285.91,7270.58,7258.55,7120.45,7194.15,6998.93,7216.04,7261.41,7231.76,7288.92,7276.81,7167.44,7175.13,7337.82,7076.17,0.0,6947.6,7095.74,7135.59,6945.88,7017.07,6960.21,7158.38,7026.61,6823.26,7131.25,6919.06,6993.09,6849.13,7121.61,6888.59,7132.45,6965.09,6825.15,7493.35,7350.9,7312.72,7239.78,7421.51,7421.17,7032.4,7193.66,7517.82,7003.67,7421.95,7163.22,7177.08,7085.44,7403.07,7256.8,7382.54,7232.55,7061.2,7171.01,7197.45,7226.72,7029.32,7128.29,7215.65,7354.19,7242.55,7372.78,7316.88,7360.04,7342.08,7232.95,7185.45,6952.56,7263.76,7177.6,6953.98,7014.35,7050.67,7256.19,7152.92,7156.83,7272.64,7272.68,7080.03,7307.47,7092.13,7317.65,7364.59,7034.75,7120.82,7338.3,7230.1,7091.96,7325.39,6897.06,7015.56,7175.85,7374.98,7028.58,6872.55,7303.44,7152.57,7015.39,7033.81,7209.79,7134.15,7166.88,7412.74,7330.85,7146.85,7339.4,7180.48,7338.37,6775.68,7307.86,7039.19,6908.59,7347.51,7275.76,7097.89,7012.06,7172.25,7228.29,7081.22,7162.13,7301.7,6859.53,6930.5,7073.19,6740.88,7140.76,6871.03,7007.38,7056.66,6964.73,7000.18,6866.56,7009.61,7034.62,6911.21,7057.21,7138.85,6970.51,7133.94,7305.25,7325.15,7135.51,7178.09,6977.38,7063.87,6815.16,7695.55,7279.41,7306.67,7269.82,6897.72,7135.33,7053.49,7162.52,6906.76
S3-D-04,7223.84,7351.37,6872.94,6826.56,7206.21,7005.33,7219.18,7068.26,7004.82,7113.33,6967.9,7468.59,6924.8,7476.14,7140.09,7209.79,7095.03,7080.95,7074.91,7037.43,6947.6,0.0,6755.98,7034.52,6710.71,6887.8,6886.09,7053.95,6983.53,6713.38,6856.64,6819.15,7131.75,6751.43,6906.8,6853.08,7004.94,6830.75,6984.82,7507.98,7256.67,7136.39,7315.8,7136.12,7650.81,7047.8,7337.02,7489.0,7387.35,7127.16,7288.89,7132.05,7180.94,6989.54,7329.94,7309.54,7109.97,7114.85,6913.47,7053.17,7265.7,7117.52,6844.49,7031.76,7158.73,7091.59,7139.39,7098.95,7525.95,7315.28,7330.56,7160.31,6773.45,6992.52,7210.84,6754.11,6786.35,6869.23,7083.36,6997.24,6799.72,7167.44,6836.88,6954.81,7126.59,7094.53,7251.17,7411.74,7007.03,7374.67,7045.04,6953.69,7064.04,7258.17,6808.61,6848.73,6845.23,7026.12,6964.71,6925.32,6703.74,7045.19,7029.85,6791.5,7091.17,7039.9,7042.86,7262.58,7291.05,6942.08,7255.88,7089.29,7430.84,6858.67,7120.73,7004.17,7229.39,7161.51,7061.57,7291.51,6870.41,6881.22,7217.47,6981.15,7044.1,7226.58,6954.02,6825.26,6751.87,6636.59,7129.5,6725.12,7007.18,6789.48,6917.66,6953.09,6837.25,6929.98,7244.52,6860.71,6996.83,6991.8,7183.94,6891.09,7159.32,6944.65,6912.6,7009.58,6851.63,7181.41,7016.86,7522.76,7006.91,7116.21,7101.53,7144.34,6946.41,6915.43,7052.03,6874.2
S3-B-01,7038.12,7119.49,7067.81,6730.4,7035.52,6809.49,7089.41,7016.59,7324.17,7189.41,7062.68,7394.23,6835.15,7355.45,7074.22,7241.96,6843.3,6986.36,6944.59,7179.91,7095.74,6755.98,0.0,7017.45,6816.05,6692.23,6933.6,6868.18,6918.49,6699.84,7065.18,7036.89,6701.92,6542.86,7223.23,6786.07,6896.37,6948.95,6798.52,7236.09,7183.92,7278.89,7140.7,6934.48,7201.39,6974.76,7199.27,7313.63,7092.19,7261.34,7081.77,7030.54,7035.77,6929.04,7106.84,7172.94,6849.37,7238.07,7059.05,7144.51,7081.84,7357.02,7028.05,6820.81,7407.72,7040.27,7034.28,7181.16,7184.07,7165.67,7245.69,7063.38,7115.8,7016.82,7306.87,6846.58,6902.55,7083.31,7039.94,6757.6,6817.49,7220.95,6908.65,6888.63,7101.41,7189.1,7356.26,7139.43,7081.11,7087.8,7054.55,7056.91,7225.51,7388.08,6912.22,6878.46,6974.74,7089.66,6988.84,6731.22,7069.41,7017.91,6996.56,6799.04,7006.81,6746.29,7075.58,7127.71,7102.56,7142.54,7269.66,7026.08,7087.17,6917.15,6790.33,6988.92,7233.3,7074.18,7102.06,7213.18,6825.51,7127.25,7228.97,7143.37,7156.94,7124.59,6824.53,7062.44,7071.62,6641.55,7093.36,6879.4,7141.21,6964.16,6842.08,6940.66,7095.67,7057.63,7062.52,7041.28,7120.31,7118.9,7195.29,6831.34,7120.88,6913.58,6956.44,6528.83,7149.07,7169.76,6996.93,7819.35,7112.32,7409.19,6866.91,7060.04,7195.21,6788.29,7142.33,7022.45
S3-A-05,7245.38,7226.71,7257.24,7028.55,7373.74,7290.1,7211.6,7271.55,7115.33,7342.54,6799.89,7437.01,7190.15,7631.15,7078.85,7232.69,7178.6,7322.29,7329.9,7247.67,7135.59,7034.52,7017.45,0.0,6722.24,6828.61,7200.88,7230.61,7132.01,6918.25,7091.87,7011.14,6839.02,7093.51,7009.82,6853.43,7256.77,7001.67,6963.95,7542.48,7458.23,7282.61,7464.99,7171.12,7426.94,7086.23,7564.5,7159.21,7444.45,7609.51,7195.74,7093.27,7314.13,6917.72,6958.59,6976.0,6963.4,7260.69,7084.59,7193.9,7265.31,7272.47,7287.03,7152.21,7342.86,7213.03,7471.45,7311.96,7435.27,7047.52,7234.16,7375.07,7157.18,7263.36,7138.4,7013.11,6977.14,7110.9,7063.68,7080.33,7043.22,7349.3,7268.11,7278.95,7395.23,7313.93,7539.67,7270.24,7353.0,7454.66,7336.69,6993.84,7246.4,7347.11,6977.6,7156.19,7089.31,7414.42,6972.14,7251.3,7010.51,7218.73,7270.05,7066.96,7262.26,6910.53,6947.02,7457.62,7323.79,7047.58,7469.73,7187.45,7436.9,7010.78,7174.48,7173.42,7097.08,7148.66,7353.71,7329.46,7134.16,7135.93,7194.23,7169.52,7296.97,7093.56,6955.83,7077.12,7247.4,6707.42,7047.69,6801.85,7194.76,7216.79,7160.18,7242.87,6839.4,7244.43,7296.54,6991.26,7425.92,7064.3,6964.05,7236.77,7204.97,6999.13,7020.12,7076.49,6973.03,7075.78,6974.18,7688.18,7231.63,7409.35,7232.8,7147.88,7101.55,6932.34,7219.78,6926.27
S3-D-08,7338.06,7114.16,7090.21,6890.22,6946.8,6980.08,7169.27,6862.26,7160.11,7068.98,6907.88,7311.07,6988.62,7467.83,7147.49,7212.52,6829.4,6853.64,7133.51,7009.96,6945.88,6710.71,6816.05,6722.24,0.0,6514.82,7000.2,6844.27,6844.12,6615.16,7000.55,6883.28,6902.86,6824.43,6838.46,6857.45,6792.38,6911.08,6999.25,7286.23,7396.25,6974.11,7175.4,7245.32,7339.0,6973.11,7247.72,6957.52,7001.73,7446.03,6983.45,6983.13,7037.52,6844.19,7080.2,7123.85,6880.48,6960.16,6777.37,6996.33,6988.86,7190.7,6998.08,7009.18,7255.97,6997.62,7304.68,7077.62,7262.54,6906.13,7210.08,7083.28,6702.5,6871.69,7305.45,6796.26,6930.86,6743.46,6721.29,6759.49,6709.02,7016.7,7311.3,6880.66,7357.46,7209.9,7046.51,7085.19,7045.5,7123.23,7101.35,6981.32,7127.74,7400.33,6888.6,7095.74,6984.6,7339.12,6965.44,6791.89,6807.15,7144.91,7075.38,6999.56,7328.26,6911.07,7075.31,7164.42,7146.27,6760.49,7246.08,6948.55,7158.88,6959.65,7289.76,6973.33,7034.62,7026.56,7131.89,7124.15,6868.12,6903.69,7015.5,6865.44,6881.8,6852.08,6989.84,6967.91,7071.01,6642.37,6832.69,6739.36,7105.06,7089.32,6715.75,7020.84,6691.18,7010.99,7002.28,6884.52,7246.65,7226.95,7053.2,7108.94,7157.32,6848.35,6907.76,6751.67,6949.85,6994.95,6901.88,7389.71,7005.67,7363.04,6905.46,6966.47,6887.19,6812.19,6943.21,6892.31
S3-D-05,7077.82,7009.97,6824.92,6937.43,7120.93,7065.18,7236.24,6989.03,7006.77,6956.44,6976.96,7313.62,6861.75,7337.17,7267.75,7075.03,6761.2,7032.37,7057.13,7114.09,7017.07,6887.8,6692.23,6828.61,6514.82,0.0,7329.24,6993.34,6774.29,7002.08,7185.38,6990.63,6994.94,6697.06,6992.18,6928.5,6904.81,7060.78,7114.79,7502.48,7331.95,7213.91,7197.49,7104.84,7181.14,6906.77,7173.67,7154.26,7015.59,7207.91,7076.51,7067.22,7303.96,6995.93,7258.37,7153.53,7331.17,7140.74,6987.54,7029.05,7327.58,7070.18,6960.27,7035.38,6946.19,7110.58,7141.24,7184.23,7283.46,7072.61,7547.02,7084.01,6990.48,7282.93,7378.7,6707.89,6981.38,6917.25,7092.99,6988.25,7067.31,7070.59,7135.61,6996.12,7275.95,7164.48,6980.94,7172.73,7142.83,7092.43,7106.54,7047.12,7229.05,7133.67,6884.24,6946.03,6822.9,7352.42,6997.09,6707.45,6721.92,6900.34,7026.02,6920.13,7002.76,6889.85,6933.95,7099.81,7184.71,7038.66,7429.18,7110.98,7206.19,6910.32,7034.17,6634.81,6866.76,7112.52,6943.52,7100.72,6972.42,6850.16,7064.11,7146.89,7105.45,7413.1,6961.12,6897.55,6740.57,6747.18,6900.66,7082.64,6922.57,7013.68,7054.43,7037.35,6838.82,7022.66,7216.12,6812.31,7274.49,7003.46,7205.45,7109.78,7223.33,6922.66,6864.17,6853.33,6798.31,7037.85,7062.38,7575.18,7093.21,7045.27,7022.89,7024.64,7057.33,6902.53,7095.17,6850.79
S3-B-03,7365.7,7297.46,6929.78,7084.76,7193.06,7180.71,7090.18,7103.01,7292.47,7129.91,7192.85,7251.79,7105.75,7269.19,7079.86,7429.35,6991.08,7208.2,7029.89,7167.37,6960.21,6886.09,6933.6,7200.88,7000.2,7329.24,0.0,7162.38,6903.34,6976.59,7188.74,6950.15,6944.03,6841.74,7052.3,6828.89,7086.84,7038.91,6956.85,7338.52,7357.4,7103.41,7290.17,7165.48,7329.94,7117.19,7449.89,7576.04,7351.9,7435.56,7135.03,6990.75,7092.88,7052.68,6943.84,7495.59,7120.05,7065.84,6982.06,7137.84,7346.32,7224.75,6976.61,7079.57,7310.7,7274.94,7358.93,7356.13,7241.42,7491.5,7309.18,6907.96,6877.91,6920.17,7023.39,6986.41,7129.48,7169.85,7085.95,6901.51,7097.56,7228.53,7478.35,7093.33,7124.98,7277.66,7318.19,7280.44,7270.35,7383.98,7068.13,7030.6,7150.21,7370.68,6965.4,7015.74,7019.73,7162.14,7068.2,7010.06,6946.16,7066.83,6701.42,6987.37,6959.89,7139.59,7224.82,7253.4,7038.39,7291.69,7280.91,7263.78,7171.07,7003.36,7367.24,7148.66,7240.71,6919.48,7492.93,7277.73,7049.78,6841.38,7046.2,7027.29,6908.14,7123.61,6900.02,7060.88,6981.95,6856.5,7053.5,6804.06,7071.16,7085.47,7124.85,7055.14,6834.98,6898.95,7024.56,6692.47,7085.53,7113.14,7077.45,6992.32,7204.35,6796.87,6953.53,6887.51,7047.75,7089.99,6941.3,7554.09,7395.09,7384.06,7109.95,7044.87,6990.58,6898.32,7231.44,7034.39
S3-C-02,7164.73,7080.7,7009.83,6946.2,7210.07,7092.5,7233.47,7156.44,7163.02,7280.98,7136.77,7141.54,6949.45,7140.92,7153.75,7258.24,6903.95,7052.04,7062.38,7045.47,7158.38,7053.95,6868.18,7230.61,6844.27,6993.34,7162.38,0.0,6902.22,7076.46,6793.82,7023.38,6920.56,6703.35,7263.93,6819.7,7091.28,7025.0,7066.45,7493.58,7356.02,7503.59,7373.48,7126.1,7420.77,6914.84,7363.52,7221.97,7569.7,7290.06,7067.21,7080.76,7245.88,7153.04,7289.43,7292.9,7136.14,7256.65,7235.86,6956.69,7252.81,7372.18,7381.98,7200.4,7220.89,7261.09,7412.12,7283.01,7194.65,7341.27,7160.69,7368.3,7058.46,7171.07,7348.6,6849.48,6866.47,7181.46,7199.75,7040.53,7056.49,7319.12,7195.71,7189.76,7366.36,7384.74,7047.66,7394.37,7283.95,7292.23,7223.21,7148.39,7095.06,7304.1,7144.29,6933.05,7136.97,6988.41,6936.76,7135.87,6958.5,7270.76,7049.8,7062.16,7020.67,6857.75,7161.57,7329.76,7278.04,7166.4,7366.43,6992.87,7087.5,6826.49,7167.49,6920.67,7240.91,7153.06,7124.88,7248.58,7114.45,7312.0,7066.97,7145.4,7117.59,7129.94,7073.66,6962.23,7037.31,6723.76,7104.75,6934.24,7002.03,6860.24,6881.98,7042.33,6843.29,7073.79,7166.1,6914.79,7186.14,7062.62,7147.97,6976.19,7158.92,6919.85,7166.19,6834.42,7169.35,6929.48,7147.62,7602.11,7275.31,7151.09,7220.14,7169.68,6603.11,6794.31,7034.0,7008.32
S5-A-01,7326.52,7186.61,7007.7,6925.22,7262.52,7208.57,7322.63,7091.03,7063.37,7090.59,7057.9,7135.41,7063.91,7364.69,7245.09,7250.56,6865.19,6958.52,7247.49,7041.62,7026.61,6983.53,6918.49,7132.01,6844.12,6774.29,6903.34,6902.22,0.0,6980.08,7080.13,7174.58,7170.5,6948.89,6807.43,7016.34,6786.72,6909.1,7058.65,7628.67,7432.41,7451.79,7365.26,7301.31,7318.91,7112.96,7124.89,7211.64,7249.42,7210.41,7101.13,7110.5,7124.94,6968.82,7061.82,7393.41,7097.22,7154.48,7001.11,7275.83,7354.88,7164.95,7165.94,7086.36,7264.0,7180.49,7334.06,7229.71,7349.05,7424.13,7072.95,7443.18,6920.0,7220.1,7384.29,6919.08,7024.78,6825.37,6940.16,6990.5,7125.59,7214.27,7414.34,7205.08,7405.57,7113.31,7117.91,7291.82,7231.97,7241.72,7188.02,7117.12,7122.16,7237.32,7067.86,7082.85,7014.7,7204.76,7048.82,6846.93,6841.72,7120.25,7204.27,6880.57,7216.74,6950.38,6956.04,7132.8,7298.2,7120.68,7269.23,7111.33,7221.6,6937.49,7261.39,6706.81,7168.5,7108.65,6965.33,7172.22,6937.13,7081.49,7000.7,7249.98,7038.67,7359.39,7005.85,6812.51,7116.37,6881.86,6933.86,6810.19,6915.2,7122.66,6946.95,7111.24,6961.57,6882.61,7145.52,7100.01,6969.4,7132.7,7260.04,6930.83,7161.74,6905.58,6746.13,6745.83,7075.5,7083.72,7124.51,7619.45,7162.61,7378.32,7306.86,7152.04,6920.02,7158.56,7012.04,7044.2
S5-B-18,7133.09,7242.96,7201.25,6990.21,7254.93,6968.48,7260.5,7040.48,7168.45,6897.45,7107.42,7663.26,7080.45,7298.52,7119.03,7220.42,6876.28,6979.94,7145.93,7009.13,6823.26,6713.38,6699.84,6918.25,6615.16,7002.08,6976.59,7076.46,6980.08,0.0,7249.56,6292.44,6892.52,6829.9,6899.54,6620.64,7035.49,6952.54,6862.88,7453.78,7365.65,7307.33,7399.73,7242.4,7284.79,7105.99,7486.59,7435.75,7115.77,7432.09,7099.06,7052.59,7228.84,7041.32,6965.82,7242.68,7054.22,7062.96,6927.14,6966.18,7362.41,7014.35,7063.11,6801.43,7168.84,7179.8,7282.52,7269.61,7235.55,6946.98,7120.25,7084.54,6951.4,7180.86,7196.78,6728.21,7087.59,6875.62,7331.79,6874.6,6865.46,7138.38,6959.98,6976.16,6954.67,7167.07,7299.75,7114.25,7237.99,7233.68,7125.54,7026.77,7066.13,7175.45,6990.13,7004.96,6777.72,7295.1,6990.39,6932.24,7062.82,7064.98,7124.38,6929.05,7116.93,7013.19,6965.3,7182.4,7158.44,7226.03,7472.92,7338.15,7192.98,6732.98,7244.16,7097.0,7000.28,6971.69,7319.73,7121.3,7033.05,6979.99,7155.57,7016.69,6943.14,6924.28,6842.99,7070.6,7053.76,6628.68,7107.59,6800.59,6953.21,6940.27,7043.67,7045.6,6910.94,7113.55,7040.44,6882.13,6987.52,6920.02,6911.72,7026.07,7047.16,7044.16,6756.65,6880.96,6893.58,7210.46,7062.72,7657.2,7119.08,7314.7,7197.98,7133.11,6995.69,7011.95,7194.04,6961.0
